001.xml, 0.002208, 3, 1, 4, 2
002.xml, 0.002059, 3, 1, 4, 2, 3
003.xml, 0.001875, 1, 3, 2, 4, 1, 3, 4
004.xml, 0.001938, 3, 1, 3, 2, 4, 1, 3, 2, 4, 1, 4, 2
005.xml, 0.001878, 1, 3, 2, 3, 1, 3, 1, 4, 2, 3, 2
006.xml, 0.003942, 3, 1, 3, 1, 3, 4, 1, 4, 2, 1, 3, 2, 3, 2, 3, 1, 4
007.xml, 0.001837, 3, 1, 3, 4, 2, 4, 1, 3, 2, 4
008.xml, 0.001543, 1, 3, 1, 4, 2, 3, 1 
009.xml, 0.002392, 3, 1, 4, 1, 3, 2, 4, 3, 2, 4, 2, 3, 1, 4, 2, 1, 3, 4
010.xml, 0.001932, 1, 3, 1, 4, 2, 3, 2, 4, 1, 4, 1, 2, 4
011.xml, 0.001876, 3, 1, 4, 2, 3, 1, 4, 2, 3, 1, 4, 2
012.xml, 0.001918, 3, 4, 1, 3, 2, 3, 1, 3, 1, 3, 2, 4, 2, 1 
013.xml, 0.001820, 3, 1, 4, 1, 3, 1, 4, 2
014.xml, 0.001849, 3, 1, 4, 2, 3, 1, 4, 2
015.xml, 0.002068, 3, 1, 3, 2, 4, 1, 3, 1, 4, 2, 3, 4, 1, 4, 2
016.xml, 0.002271, 3, 1, 4, 3, 1, 2, 4, 1, 4, 2, 3, 4, 1, 3, 2
017.xml, 0.078370, 3, 1, 3, 2, 3, 1, 4, 1, 4, 2, 4, 3, 1, 3, 2, 4, 2, 4, 1, 4, 2, 1, 3, 2
018.xml, 0.065055, 3, 1, 3, 1, 4, 1, 4, 2, 3, 4, 2, 3, 2, 4, 1, 3, 4, 1, 3, 1, 3, 2, 3, 2, 4
019.xml, 0.002319, 3, 4, 1, 3, 2, 4, 3, 1, 3, 2, 3, 2, 4, 2, 1, 4, 2
020.xml, 1.863179, 1, 3, 1, 3, 2, 3, 2, 4, 1, 4, 1, 3, 1, 3, 2, 3, 1, 3, 1, 3, 2, 3, 1, 2, 4, 1, 4, 1, 2, 3, 4, 1, 2, 3, 4
021.xml, 0.002719, 1, 4, 3, 2, 3, 1, 4, 2, 3, 2, 3, 1, 3, 2, 4
022.xml, 0.002875, 1, 3, 2, 4, 1, 2, 4, 3, 1, 3, 2, 3, 2, 4, 1, 3, 1, 2, 4
023.xml, 0.002065, 3, 1, 4, 1, 4, 2, 1, 3, 2, 4, 2, 4
024.xml, 0.001984, 3, 1, 3, 2, 4, 1, 3, 1, 4, 2, 3
025.xml, 0.001936, 3, 1, 3, 2, 3, 1, 4, 1, 2, 3, 1, 4, 2, 1 
026.xml, 0.002144, 1, 3, 2, 4, 1, 3, 2, 4, 3, 2, 4, 1, 4, 2
027.xml, 0.003380, 3, 1, 4, 2, 1, 3, 2, 4, 2, 3, 2, 3, 1, 4, 1, 4, 3, 2
028.xml, 0.001969, 3, 1, 4, 1, 2, 4, 1, 3, 2, 4
029.xml, 0.001957, 3, 1, 4, 2, 3, 1, 4, 2
030.xml, 0.669837, 3, 1, 4, 2, 1, 4, 3, 2, 4, 1, 4, 2, 4, 1, 4, 1, 3, 2, 4, 2, 3, 1, 4, 3, 2, 4
031.xml, 0.049466, 3, 1, 3, 2, 1, 4, 2, 1, 4, 2, 3, 4, 2, 3, 1, 3, 1, 4, 2
032.xml, 0.002449, 1, 3, 1, 4, 1, 2, 3, 1, 4, 2, 3
033.xml, 0.002020, 3, 1, 3, 2, 3, 1, 4, 2, 4, 1, 4, 2
034.xml, 0.002488, 1, 3, 2, 4, 3, 1, 4, 1, 3, 2, 4, 1, 4, 2, 3
035.xml, 0.040657, 3, 1, 3, 4, 2, 3, 2, 4, 1, 4, 2, 4, 1, 3, 2, 3, 2, 1, 4, 2, 4
036.xml, 0.038233, 3, 1, 4, 2, 1, 3, 2, 4, 1, 4, 2, 3, 1, 3, 2, 4, 2, 3
037.xml, 0.002558, 1, 3, 2, 3, 1, 3, 2, 3, 1, 3, 2, 4, 1, 3, 1, 4, 2
038.xml, 1.190074, 3, 1, 3, 2, 3, 1, 4, 2, 4, 1, 4, 2, 3, 2, 1, 3, 2, 3, 1, 2, 4, 1, 4, 2, 4, 1 
039.xml, 0.013722, 1, 2, 3, 1, 4, 3, 1, 4, 2, 1, 3, 2, 3, 4, 1, 3, 1, 3, 2, 1, 4, 2
040.xml, 0.003137, 1, 3, 2, 3, 1, 4, 2, 4, 3, 2, 4, 1, 3, 4, 2, 3, 1, 3
041.xml, 0.124639, 3, 1, 3, 4, 1, 3, 2, 4, 3, 2, 4, 3, 1, 3, 1, 4, 2, 1, 3, 4
042.xml, 0.023468, 1, 3, 2, 4, 1, 3, 4, 2, 3, 1, 4, 2, 4, 3, 1, 3, 4, 2, 3, 1 
043.xml, 0.016647, 1, 4, 1, 3, 2, 4, 2, 3, 2, 1, 3, 2, 4, 3, 1, 3, 1, 4, 2, 4
044.xml, 0.115643, 3, 1, 3, 2, 3, 4, 1, 4, 3, 1, 4, 2, 3, 2, 3, 1, 2, 4, 1, 4, 1, 4, 2, 3, 4, 2
045.xml, 0.002386, 3, 1, 4, 2, 3, 1, 4, 2, 3, 1, 4, 2
046.xml, 0.002142, 3, 1, 4, 1, 3, 2, 4, 1, 4, 2, 3, 1, 3, 4, 2, 3, 2, 4, 1, 3, 2
047.xml, 0.002864, 3, 1, 4, 1, 3, 1, 4, 1, 3, 1, 4, 1, 3, 1, 4, 1, 3, 1 
048.xml, 0.061122, 1, 3, 2, 3, 1, 4, 2, 3, 2, 4, 1, 4, 3, 2, 4, 2, 4, 1, 3, 1, 4, 1, 3, 2, 3, 1, 4, 2, 4, 1, 2, 4, 1, 3
049.xml, 0.007722, 3, 1, 4, 1, 3, 1, 4, 2, 3, 2, 4, 1, 4, 2, 4, 1, 3, 2, 4, 1, 3, 2
050.xml, 0.016089, 1, 3, 2, 4, 2, 4, 1, 3, 1, 4, 2, 4, 2, 3, 1, 3, 2, 1, 4, 2, 4, 2, 3, 4, 1 
052.xml, 0.007872, 3, 1, 4, 1, 4, 2, 4, 2, 3, 1, 3, 2, 3, 2, 3, 4, 1, 4, 1, 3, 2, 1, 3
053.xml, 0.007833, 1, 3, 2, 3, 1, 3, 2, 3, 1, 3, 2, 3, 1, 4, 2, 4, 1, 4, 2, 4, 1, 4, 2, 4, 1 
059.xml, 0.040012, 3, 1, 4, 3, 2, 4, 1, 2, 4, 1, 4, 2, 4, 1, 3, 1, 4, 2, 3, 1, 3, 1, 3, 2, 4, 1, 4, 2, 3
060.xml, 0.068054, 1, 3, 2, 4, 1, 3, 2, 4, 2, 3, 1, 4, 2, 1, 4, 1, 3, 2, 4, 2, 3, 1, 3, 2, 4
061.xml, 1.573003, 3, 1, 3, 1, 4, 1, 4, 1, 4, 2, 3, 2, 4, 1, 3, 2, 1, 4, 3, 1, 4, 2, 3, 1, 4, 2, 4, 1 
063.xml, 0.839597, 3, 1, 4, 3, 2, 3, 1, 4, 1, 4, 1, 2, 3, 1, 4, 3, 2, 3, 1, 3, 2, 4, 1, 3, 2, 3, 1, 2, 4
065 dan.xml, 0.029083, 1, 3, 1, 4, 2, 4, 2, 3, 1, 3, 1, 3, 1, 4, 2, 3, 1, 3, 1, 2, 4, 2, 3, 1, 3, 2, 4, 1, 3, 4
066 dan.xml, 0.020391, 3, 1, 4, 1, 2, 4, 1, 3, 4, 1, 3, 2, 3, 1, 4, 1, 2, 3
067 dan.xml, 0.002288, 3, 1, 4, 2, 3, 2, 4, 1, 3, 1, 4, 2, 4, 1, 3, 1, 3, 2, 3, 1, 2, 4, 1, 2, 3
068 dan.xml, 0.001934, 3, 1, 4, 1, 3, 2, 1, 4, 2, 3, 1, 4, 2, 1, 3, 2
069 dan.xml, 0.313604, 1, 3, 1, 4, 1, 3, 2, 3, 2, 3, 2, 4, 1, 3, 1, 4, 2, 4, 1, 3, 2, 4, 2, 3, 1, 3, 1, 3, 2, 1, 3, 2, 4, 1, 4, 3, 1, 4, 1 
070 dan.xml, 0.002470, 3, 1, 4, 1, 3, 1, 4, 2, 3, 1, 4, 3, 2, 4, 2, 4, 1, 3, 1 
071 dan.xml, 2.135323, 3, 1, 3, 1, 4, 2, 3, 2, 3, 1, 4, 1, 3, 1, 4, 1, 4, 2, 4, 1, 3, 1, 4, 1, 3, 1, 4, 2, 4, 1, 3, 1, 4, 2, 3, 1, 2, 4, 1, 4, 1, 3, 2, 4, 2, 4, 2, 1, 3, 2
072 dan.xml, 0.003621, 3, 1, 4, 2, 3, 1, 4, 2, 4, 1, 3, 1, 4, 2, 3, 2, 4, 1, 4, 2
073 dan.xml, 0.173295, 3, 1, 3, 2, 3, 1, 4, 1, 4, 3, 2, 4, 1, 4, 2, 1, 3, 2, 3, 1, 4, 1, 4, 2, 4, 2, 1, 3, 2, 3
074 dan.xml, 0.002511, 3, 1, 4, 1, 3, 2, 4, 2, 3, 1, 3, 1, 3, 4, 2, 3, 1, 4
075 dan.xml, 0.002318, 3, 1, 3, 2, 3, 1, 3, 2, 4, 1, 4, 2, 3, 1, 4, 2, 3
076 dan.xml, 0.099375, 1, 3, 2, 4, 1, 3, 1, 4, 1, 3, 2, 3, 1, 3, 1, 2, 4, 2, 1, 4, 2, 3, 1, 4, 1 
077 dan.xml, 0.002252, 3, 1, 4, 2, 3, 1, 3, 2, 1, 4, 2, 4, 2
078 dan.xml, 0.005919, 3, 1, 4, 1, 4, 2, 3, 1, 3, 2, 4, 1, 3, 1, 4, 2, 3, 2, 3, 1, 4, 2
079 dan.xml, 0.042265, 3, 1, 4, 1, 3, 2, 4, 2, 4, 1, 3, 1, 3, 1, 4, 2, 4, 2, 3, 2, 4, 1, 4, 3, 2, 3, 1, 4, 1, 3, 2, 3, 2, 4
080 dan.xml, 0.002739, 1, 3, 1, 3, 2, 3, 2, 4, 1, 3, 1, 4, 1, 3, 2, 3, 2, 3, 1, 4, 2, 3, 2, 4, 1, 4, 1, 3, 2, 4, 1 
081 dan.xml, 0.001937, 1, 3, 1, 3, 1, 3, 2, 4, 1, 3, 1, 4, 2, 3, 1, 4, 1, 3, 2, 3, 2, 4
082 dan.xml, 0.050477, 3, 1, 3, 1, 2, 4, 2, 1, 4, 2, 4, 1, 4, 1, 3, 2, 4, 1, 4, 3, 1, 3, 4, 2, 4, 2, 4, 1, 4, 2, 3, 1, 3, 2
083 dan.xml, 0.002169, 3, 1, 4, 1, 4, 2, 1, 3, 2, 3, 2, 4, 2, 1 
084 dan.xml, 0.046360, 3, 1, 3, 2, 4, 3, 1, 4, 2, 1, 4, 2, 4, 1, 3, 2, 4, 2, 3, 4, 1, 3, 2, 1, 4, 2
085 dan.xml, 4.845324, 3, 1, 4, 1, 4, 1, 4, 1, 3, 2, 4, 2, 3, 2, 4, 2, 4, 2, 3, 1, 2, 4, 2, 3, 1, 4, 1, 3, 4, 1, 3, 2, 4, 1, 4, 2, 3
086 dan.xml, 0.313496, 3, 1, 4, 2, 4, 1, 3, 2, 4, 2, 3, 1, 3, 2, 4, 3, 2, 4, 2, 4, 1, 3, 1, 4, 2, 4, 3, 2, 4
087 dan.xml, 0.026458, 1, 3, 1, 4, 1, 3, 2, 3, 2, 3, 1, 3, 2, 3, 2, 4, 3, 1, 4, 1, 4, 2, 4, 2, 4, 2, 4, 1, 3, 1, 4, 1, 3, 1, 3, 2
088 dan.xml, 0.111697, 3, 1, 3, 2, 3, 2, 4, 1, 3, 2, 3, 1, 4, 2, 1, 3, 1, 4, 2, 3, 2, 4, 1, 4, 2, 3, 2, 4, 2, 3, 2, 4, 1, 3, 2, 3, 1, 3, 1, 3
094 dan.xml, 1.848670, 1, 4, 3, 2, 4, 3, 1, 4, 2, 4, 3, 1, 2, 3, 1, 4, 1, 3, 1, 4, 1, 4, 3, 1, 4, 3, 2, 4, 2
095 dan.xml, 0.005506, 1, 3, 2, 4, 1, 3, 1, 4, 2, 4, 2, 3, 1, 3, 1, 4, 2, 3, 2, 4, 2, 3, 2, 4, 2, 4, 1, 2, 4
096 dan.xml, 0.002403, 1, 4, 2, 3, 1, 4, 1, 3, 1, 4, 2, 3, 2, 4, 1, 4, 1, 3
097 dan.xml, 0.123385, 3, 1, 3, 2, 4, 2, 3, 1, 4, 1, 3, 2, 4, 1, 4, 2, 3, 1, 4, 2, 3, 2, 4, 2, 3, 2, 4
098 dan.xml, 2.113443, 3, 1, 3, 2, 3, 1, 3, 2, 3, 1, 4, 2, 3, 1, 4, 3, 2, 3, 4, 2, 1, 3, 1, 4, 1, 3, 4, 2, 3, 2, 3, 4
102.xml, 4.103355, 3, 1, 4, 2, 1, 3, 2, 3, 1, 4, 1, 4, 2, 3, 2, 4, 1, 3, 2, 4, 1, 3, 2, 3, 2, 4, 1, 3, 2, 4
105.xml, 0.009343, 3, 1, 4, 2, 3, 4, 1, 3, 2, 1, 3, 1, 4, 1, 4, 3, 2, 4, 2, 3, 2
106.xml, 0.818987, 1, 4, 1, 3, 2, 3, 2, 4, 2, 4, 3, 1, 3, 1, 3, 1, 4, 2, 3, 2, 4, 1, 2, 3, 1, 4, 2, 3, 1, 4, 1, 4, 2, 4, 2, 4
107 dan.xml, 0.004036, 3, 1, 3, 1, 3, 2, 4, 2, 4, 2, 3, 1, 4, 1, 4, 1, 3, 1, 3, 2, 4, 1, 4, 2, 4, 2, 3
109 dan.xml, 6.396492, 3, 1, 3, 1, 3, 1, 4, 2, 3, 1, 4, 2, 4, 1, 3, 4, 2, 4, 1, 2, 3, 1, 4, 2, 3, 1, 4, 1, 3, 2, 1, 3, 1, 4, 1, 4, 2
110 dan.xml, 0.149052, 3, 1, 4, 1, 3, 2, 3, 1, 4, 1, 2, 4, 1, 3, 2, 3, 2, 4, 1, 3, 2, 1, 4, 1, 4, 2, 4, 2
112 dan.xml, 6.325452, 3, 1, 3, 1, 4, 2, 4, 1, 4, 1, 3, 1, 4, 2, 3, 4, 2, 3, 2, 3, 1, 4, 2, 4, 1, 3, 1, 4, 1, 4, 1, 2, 4, 3, 1, 4, 2, 4, 2, 4, 2, 1, 3
113 dan.xml, 0.064539, 1, 3, 2, 4, 1, 3, 2, 3, 2, 4, 1, 4, 2, 3, 1, 3, 1, 4, 1, 3, 4, 2, 3, 1, 3, 2, 4, 1, 4, 1, 4, 1, 3, 1, 2, 4
114 dan.xml, 0.154217, 3, 1, 4, 2, 3, 2, 3, 1, 3, 2, 3, 4, 2, 1, 3, 2, 3, 2, 4, 2, 3, 1, 3, 1, 4, 2, 4, 1, 4, 2, 4, 2, 4, 1, 3, 1, 3
115 dan.xml, 0.003046, 3, 1, 3, 1, 4, 1, 4, 2, 3, 2, 4, 3, 2, 1, 4, 2, 4, 1, 3
116 dan.xml, 0.051913, 3, 1, 3, 2, 4, 2, 3, 1, 4, 3, 2, 1, 4, 1, 4, 3, 2, 4, 2, 3, 1, 3, 1, 4, 2
117 dan.xml, 0.002825, 3, 1, 3, 2, 4, 1, 4, 2, 4, 1, 3, 2, 4, 2, 1, 4, 2
118 dan.xml, 0.419430, 3, 1, 3, 4, 2, 4, 1, 3, 1, 4, 2, 3, 1, 3, 1, 3, 1, 4, 2, 3, 1, 3, 2, 4, 2, 3, 2, 4, 2, 3, 1, 4, 3, 2
119 dan.xml, 3.305046, 1, 3, 2, 4, 3, 1, 3, 4, 1, 3, 4, 2, 3, 2, 3, 2, 4, 1, 4, 3, 1, 3, 2, 4, 1, 3, 2, 1, 3, 4
120 dan.xml, 0.070555, 3, 1, 4, 2, 1, 3, 1, 4, 2, 3, 1, 4, 2, 3, 1, 4, 2, 4, 2, 4, 2, 4, 1, 3, 2, 3, 1, 3, 2, 4, 2, 3, 4, 2, 3, 1, 3, 4, 2
122 dan.xml, 0.002756, 3, 1, 4, 2, 3, 1, 4, 1, 4, 1, 3, 2, 4, 1, 3, 2, 4, 2, 3, 1, 4, 2, 3, 1, 4, 2, 4, 2, 3, 1, 4, 2, 3, 1 
123 dan.xml, 0.096272, 3, 1, 4, 2, 3, 1, 3, 2, 4, 1, 3, 1, 2, 4, 1, 3, 1, 3, 1, 4, 2, 4, 1, 3, 2, 4, 2, 3, 1, 3, 4, 2, 3, 4, 1 
130 dan.xml, 3.121048, 3, 1, 4, 2, 3, 1, 3, 1, 3, 2, 3, 1, 3, 2, 4, 1, 3, 1, 4, 1, 4, 2, 3, 1, 3, 1, 4, 2, 3, 1, 3, 2, 4, 1, 4, 2, 3, 1, 3, 2
131 dan.xml, 0.141386, 3, 1, 4, 1, 3, 1, 4, 1, 3, 2, 4, 3, 1, 4, 1, 3, 1, 4, 2, 3, 1, 4, 2, 4, 2
132 dan.xml, 0.952071, 3, 1, 3, 2, 3, 1, 4, 2, 1, 4, 2, 3, 1, 3, 1, 3, 2, 3, 1, 4, 1, 3, 2, 3, 2, 4, 1, 4, 2, 4, 2, 4, 1, 4, 1, 3
133 dan.xml, 0.157300, 1, 3, 1, 3, 2, 4, 1, 3, 1, 4, 2, 3, 1, 3, 1, 3, 2, 4, 1, 3, 2, 4, 2, 3, 4, 2, 4, 2, 4, 2, 3, 1, 3, 1, 3, 2, 4, 1 
134 dan.xml, 1.341620, 1, 3, 2, 4, 2, 3, 1, 3, 1, 4, 2, 4, 1, 3, 2, 4, 1, 4, 2, 1, 3, 2, 3, 1, 4, 2, 3, 2, 4, 1, 4, 1, 3, 2, 3, 1, 4
135.xml, 0.554223, 3, 1, 4, 1, 3, 4, 2, 4, 1, 3, 2, 1, 4, 2, 3, 2, 4, 1, 3, 1, 3, 2, 1, 4, 2, 4
136.xml, 0.033368, 1, 3, 2, 3, 1, 4, 1, 4, 2, 4, 1, 3, 1, 4, 2, 3, 1, 3, 2, 4, 3, 1, 4, 1, 4, 1, 3, 4
137.xml, 0.050829, 1, 3, 2, 4, 1, 3, 2, 4, 2, 4, 1, 3, 1, 4, 3, 2, 4, 1, 4, 2, 4, 1, 4, 2
138.xml, 3.198618, 1, 3, 1, 3, 2, 4, 3, 1, 3, 1, 3, 2, 1, 4, 2, 3, 2, 4, 1, 4, 3, 2, 4, 1, 3
139.xml, 8.629827, 3, 1, 4, 1, 4, 1, 3, 4, 2, 3, 2, 3, 1, 4, 2, 3, 2, 1, 4, 2, 4, 1, 4, 1, 3, 2, 4, 1, 4, 2, 3
140.xml, 0.003004, 3, 1, 4, 2, 3, 1, 4, 2, 4, 1, 3, 2, 4, 2, 3, 1, 3, 2, 1 
142.xml, 0.163510, 3, 1, 4, 1, 4, 1, 3, 2, 4, 2, 3, 2, 4, 1, 3, 1, 3, 1, 3, 2, 1, 4, 2, 4, 2, 4, 1 
145 dan.xml, 2.625554, 3, 1, 4, 1, 4, 2, 1, 4, 2, 3, 2, 3, 1, 3, 1, 4, 1, 3, 4, 1, 3, 2, 4, 1, 4, 2, 4, 3, 2, 4, 1, 4, 1 
147 dan.xml, 0.460545, 1, 3, 2, 4, 1, 3, 1, 4, 1, 3, 2, 3, 2, 4, 1, 3, 1, 4, 2, 4, 1, 3, 2, 4, 1, 4, 2, 3, 4, 1, 3, 1, 4, 2
152 dan.xml, 0.718053, 3, 1, 4, 1, 4, 2, 1, 4, 2, 3, 1, 3, 2, 3, 4, 2, 3, 1, 3, 1, 4, 1, 4, 2, 3, 1, 3, 2, 4, 1, 3, 2, 4
154 dan.xml, 2.454375, 1, 3, 2, 3, 1, 4, 2, 1, 3, 2, 4, 1, 3, 1, 4, 1, 3, 2, 4, 2, 3, 4, 2, 3, 2, 3, 1, 3, 2, 4, 1, 3, 2, 4, 1, 4, 1, 4
156 dan.xml, 0.134832, 3, 1, 4, 1, 4, 2, 3, 2, 3, 1, 4, 1, 2, 3, 2, 4, 2, 1, 3, 2, 3, 1, 4, 2, 3, 2, 4, 2, 3
158 dan.xml, 0.068868, 1, 3, 1, 4, 2, 3, 2, 4, 2, 3, 1, 3, 2, 4, 1, 4, 2, 3, 2, 4, 2, 4, 3, 1, 3, 2, 4, 2, 3, 1, 4, 2, 3
160 dan.xml, 0.006342, 1, 3, 1, 3, 2, 4, 1, 3, 4, 2, 3, 2, 4, 1, 3, 2, 4, 2, 4, 2, 3, 1 
161 dan.xml, 0.004743, 1, 3, 2, 3, 1, 4, 2, 4, 2, 1, 4, 2, 3, 1, 4, 1, 3
162 dan.xml, 0.256891, 3, 1, 4, 1, 4, 1, 3, 1, 4, 2, 4, 2, 1, 3, 1, 3, 4, 2, 3, 2, 3, 2, 4, 1, 3, 1, 3, 1 
163 dan.xml, 0.727564, 3, 1, 4, 1, 4, 2, 3, 2, 4, 1, 3, 1, 3, 1, 4, 1, 3, 2, 3, 1, 4, 2, 4, 2, 3, 2, 4, 1, 4, 2
164 dan.xml, 0.002743, 3, 1, 3, 1, 4, 2, 3, 1, 4, 2, 1, 3, 1, 3, 1, 3, 2, 4, 3, 2, 4, 1, 3
165 dan.xml, 0.041164, 3, 1, 3, 2, 4, 1, 3, 1, 4, 2, 4, 2, 3, 1, 3, 1, 3, 1, 3, 2, 4, 1, 3, 1, 3, 2, 4, 3, 1, 4, 2, 3, 1, 3, 2, 3
166 dan.xml, 4.731128, 3, 1, 3, 1, 4, 2, 4, 1, 3, 2, 3, 1, 4, 2, 3, 1, 3, 2, 4, 1, 3, 2, 4, 1, 4, 2, 3, 2, 3, 2, 3, 1, 3, 1, 4, 1, 3, 2, 3, 1, 4, 2, 3
168 dan.xml, 0.004786, 3, 1, 3, 2, 4, 1, 3, 2, 4, 2, 4, 3, 1, 3, 2, 4, 1, 4, 2, 4, 2, 1, 3
169 dan.xml, 0.008148, 1, 4, 2, 4, 1, 3, 1, 2, 4, 1, 4, 2, 3, 2, 1, 3, 2, 4
